>Cellia_IARU
#CAR1
_Q -3279 2372 -2096 -1187 1986 -1448 -8935 -3931 -730 -8844 5140 9284 8890 -4458 -1031 4741 1803 1003 10997 4624 6573 2973 -4520 -7161 -10830 -5424 3059 -7404 6989 1655 1284 -9155 1791 -232 3167 -1000 6888 -4784 -298 -6789 10060 712 9587 4725 -8566 749 -1274 -3606 -10140 -1086 -6494 -4753 -107 5915 649 -2983 3750 -4310 6785 341 -3006 563 -1102 -4406 688 -2714 10932 156 5640 -12671 -3319 -4304 -10481 -11 -71 -1238 761 6377 -6461 -4150 7309 8508 -362 9008 3731 -105 -1162 1663 -6363 9643 4075 -334 -10103 2581 -7800 6456 _Q _Q -826 -2304 4398 -1092 4528 1023 -11638 2048 9337 12688 1134 -3271 -615 7521 -2230 6848 -8263 78 9249 -1354 -2651 7392 -1541 2362 -7367 -5930 -613 -5890 1002 8687 4375 -6069 1082 2242 Q_ _Q 6092 Q_ Q_ 10024 -9735 2497 5 2280 -2592 4106 -7580 1637 -6783 4610 4230 7913 -2923 -10067 -2579 -7054 6654 -2723 2077 -656 9052 -10693 9462 -1989 -476 2812 -1911 -3775 446 9578 4421 -2701 816 4888 7564 -1342 1800 -8437 10040 -4978 1039 -6759 11514 -4957 -2117 -2360 -3935 9389 -1506 -12633 806 -1813 4465 8328 1619 10586 324 -3965 -3163 4582 -8330 -2277 -5926 -9485 -5168 4290 -787 2292 -2115 -337 8131 10479 5985 9497 -10445 -894 -1311 168 -5444 -6352 3273 -6897 -8569 1315 5499 -282 74 -2155 -2312 11632 10241 -10526 2500 -1273 -1388 -8309 7239 -278 2324 7342 -3466 5321 -1093 -12062 8663 9112 -262 10875 4254 -9019 1456 7627 4272 -9315 3848 -11636 4358 5860 11272 Q_ 
#CAR2
_Q -10302 -7466 -3719 2344 -4992 12019 9369 9988 10093 -212 -4940 6024 5526 2355 -7759 -2239 8005 -10639 10872 -2180 9982 -6620 -11073 -4104 -2050 -7072 -4024 4973 -8389 4557 -11527 11395 -3400 3862 -919 12369 -7214 -7100 -2293 11486 -2566 -260 -7026 6864 5079 -1914 -288 9656 2283 6224 -2748 2721 5512 4413 -11074 1012 -1605 2823 -7414 9197 -11451 -11419 11296 -2654 8558 556 -5564 -2268 4835 -2423 11740 9132 112 -4788 9438 -8286 -1804 -3787 -2965 4882 -2313 -2726 10068 -7660 -242 6165 6932 -1447 3080 -1585 10339 -3294 9335 -11488 -11786 11241 6180 -3309 5439 -1765 -124 6683 -3868 5127 6399 -5547 8733 -4410 11444 -10556 7050 -7223 -2036 9131 3698 -8570 -11008 10571 -497 -8233 -8528 -1081 6645 4962 2941 6221 -10573 819 11180 11304 12330 6533 -8327 2053 -9186 -11908 5706 -9266 3314 -739 102 12563 -3131 1902 10370 3917 -7218 -1129 -4817 3577 -4643 -6770 8390 -10432 6238 -5648 -3037 -961 10520 -10066 8459 -2347 1111 -2929 -4883 -11385 3688 -9763 -2224 -10293 -1381 -10453 5076 4167 -7690 -9798 279 878 3330 7204 -4286 1473 8815 -9513 -1149 6036 -3088 -2168 -6282 -10118 9565 -3069 -3133 10023 -4827 2547 4377 -7247 4275 -7417 3310 -11177 11583 -11750 7193 -11503 4937 -12509 8775 7369 2043 -3344 2160 -3191 4376 -9114 7835 783 25 -135 3732 -434 -2454 -5040 10696 -1340 9068 -2518 -3916 -8648 -4518 -30 -2288 7695 -38 -4981 9821 -5647 388 3281 709 Q_ 
#CAR3
_Q 8449 -1524 8189 2274 -1542 10455 1955 -5377 995 -12189 7467 7838 -6969 -714 265 -7227 -1579 4484 -3777 6686 -503 6419 -5858 1510 -4498 -509 1974 -10853 -2405 11773 -8059 1784 -8271 -7899 -12515 -8901 -58 -12471 -3231 -2046 2631 -4902 11630 -3569 5191 -5973 1876 -5972 -1058 -5160 2468 -5776 11111 1063 -4426 5256 3233 351 -2070 -7395 4143 5507 -1858 9444 -7074 -4970 10273 4607 9160 7388 -8740 -7298 674 -9403 11467 -7575 2357 -3694 9488 5012 721 4224 1029 -2624 9517 3909 12296 -6515 -10360 7705 -3993 -5739 -3808 -5270 4814 -9088 -9128 8398 -7654 -8765 4021 -6458 -1833 6867 -1615 4795 -5811 -3859 6056 2384 -7378 6798 -9876 7574 2669 2225 5956 8676 -2106 -10009 -8382 4510 -657 1411 11766 -3582 5317 -3325 9785 6390 -8455 10192 -7735 -90 5385 -6349 1028 -4502 -1392 Q_ 
#CAR4
_Q 3905 -2370 -11076 -4332 -5069 12622 -10242 -7427 -36 4931 171 -4396 -7252 1265 -10959 -1377 3098 -2485 -441 10082 -1372 1197 12753 -1817 -1428 6536 -2791 -3770 11671 6204 -220 1620 4493 -2419 2094 1527 2373 -10647 -1025 -7098 4303 -7302 5416 -12716 7730 -172 -181 6530 -546 -2016 -5233 -5338 7701 -6489 2140 864 -3460 -3422 9697 4186 -3581 -12693 7130 -1747 8718 11294 -2917 12299 -6127 -4763 -527 6976 -7028 4291 2479 2126 -938 1085 10774 -5205 3765 -5221 9560 -1609 -2418 -6273 4370 7448 10870 3476 -3746 910 -7215 6366 -594 7446 -7763 9018 -9025 7974 -629 12533 10829 196 3841 1889 1184 8961 -9362 -2789 199 -4001 1587 5245 -2809 8288 -398 -692 3991 -9995 -8973 1577 -11440 4959 8668 666 4005 1553 -4288 -8151 7747 -5383 7912 Q_ 
#CAR5
_Q 2314 -3801 -5882 -1361 11751 -4469 8264 4678 -8435 1939 -8622 4292 -9921 4204 -2643 3441 2632 -250 -12325 -7244 -60 -1843 -8732 -1548 -1756 -6164 -9895 -10737 1949 -3624 -3871 -11147 10299 -2582 -6260 -11716 -7281 6903 4711 -1625 -710 2270 -8631 -3103 1391 428 -8852 5797 7874 4871 535 4011 5719 2263 2919 -7350 -559 6751 2870 785 -3283 6499 -1760 3870 -339 -5813 4593 3031 6096 -1469 7163 8044 -3355 6028 10026 8203 -3951 5013 -392 2116 -9946 -6107 4721 9525 -7744 10193 6828 -2824 6196 4968 8706 -7683 -10615 11106 4059 -5000 8281 -1271 2967 -2805 -8168 6704 -9029 8020 -3722 3744 -9580 -7484 1978 24 5908 1351 -1599 7 4689 -6010 -1592 6748 -8089 2795 Q_ 
#CAR6
_Q 4356 233 -462 -1114 4918 -1327 4046 -1796 -354 8215 3274 2486 -2317 5816 -8195 4796 -7551 -9272 3794 -2620 8982 2128 -9481 -7567 8078 -61 10779 5629 -9905 6534 3370 609 -12661 8762 8139 -308 -7345 1088 210 -5474 -7711 -10519 -4146 -11499 -612 -4320 1832 -8683 2800 -1051 -9573 -8713 8557 11019 -775 6538 4083 -9388 4547 8501 -8725 -1909 -2874 -2172 -10788 -2599 -8237 11217 8853 -6116 -11199 -8553 8440 -117 -2517 -6846 1202 6486 -4420 1236 -9398 -4524 -1628 11502 1691 264 1117 6845 -9544 2398 -87 2351 -11204 8629 -2832 9650 -560 9557 -3457 -313 9231 5002 5312 1467 361 3145 489 -5464 Q_ 
#CAR7
_Q 6048 -6651 5390 5503 5669 -11943 -1049 7178 11749 1501 11050 -6750 1536 6707 -3297 3498 2760 -570 6067 -9345 7850 352 -4768 1823 -10136 -2305 125 6332 -3889 9583 -5100 4293 6444 -8487 -12236 2953 7025 -5196 2622 -3387 5027 170 -3670 -4949 6185 11980 -11478 11678 1142 -3654 -7950 -9254 838 -4409 601 -6350 -331 3137 -7509 4402 12016 900 -5802 10476 -2971 5736 -7993 7648 -6143 5920 10950 11999 -2891 5782 -7727 -1519 -6312 3150 4007 -5153 6041 741 884 -1343 3981 -850 1148 5596 7141 -2564 -11910 11936 -4202 -7135 -6089 7927 -1831 Q_ 
#CAR8
_Q _Q -397 3312 -5697 Q_ 5116 -11242 -4733 6946 -10564 -225 5907 6799 -684 -12388 9102 -12298 8771 1214 -6051 -1071 6425 -214 3075 540 -7772 -506 -4914 39 -5649 5407 -5839 10078 1283 3612 -2154 9322 -4679 4110 -6361 8993 -3980 -10838 -11124 1514 -4069 -3529 276 1038 3783 -7403 10604 -694 1266 -5634 -4389 1593 10389 -6703 2069 -10079 8778 -5645 -10595 2420 9910 -4688 1133 -6557 -4818 4088 -3671 -1395 8220 -1022 280 1863 -12772 -8512 -3696 8410 10667 1193 2119 -533 9001 -8721 2738 -370 _Q 4403 1558 -6269 12068 -4222 -5765 7048 Q_ Q_ 
#CAR9
_Q 5159 -9166 3902 3779 4671 8010 -1205 10750 -908 -9275 6019 -1992 10351 12927 -8739 1430 -307 2264 -7197 1768 -10992 -5576 244 -2213 1742 -5672 951 -5707 268 -10580 4215 -2587 9887 -3384 -7391 10248 7976 -366 1806 -12092 4201 7686 -2660 5995 -9260 3149 11427 -1206 4627 -5969 6021 -4617 10762 -6667 8043 -9310 -659 -1722 3923 -1996 -5397 5862 -5368 2145 10952 -5834 -2459 5521 1652 3354 4948 -5741 663 -945 1219 -8798 -2797 6979 -1489 7762 -3494 1191 8255 -1684 -1801 5249 -8513 -7858 -3083 Q_ 
#CAR10
_Q -3003 -3210 7563 180 -1247 -2488 -3855 -2616 12365 -8307 10461 9159 -3734 596 2397 -8884 8719 -1015 -8821 -2463 2441 2767 -4157 9614 614 -5597 992 -3120 11392 -4219 10088 4904 911 5050 -7715 416 178 9139 2865 -9660 963 1104 -2605 10844 44 -5823 197 -5454 4128 -539 7032 2045 3846 -11163 -9012 -10665 -9304 -10731 -10298 7766 -7805 -7260 -4715 -9207 -1131 12183 1007 791 -12455 3192 -4119 -8962 7561 2308 5574 -7538 10941 -219 -5268 -1500 -2291 8470 7285 -2806 2900 -191 -3237 1987 -355 Q_ 
#CAR11
_Q _Q 6474 -6657 6230 -5814 -254 -2935 1584 10126 -1522 1560 -1385 11247 -4149 -11275 -4751 10764 -11718 Q_ 3912 2563 -365 6913 -1692 2191 2629 -1032 -8064 11365 4895 -192 4894 -5316 -11882 11648 -1176 -2472 3811 -9010 5987 -7527 -4453 -9684 5562 -9703 275 -6711 -10231 7696 -10154 9629 -380 1789 -9277 4015 -3545 -85 -1295 -7511 4475 -6247 -1174 3090 747 -7017 6029 9096 -523 1547 -9314 4666 -795 408 -7764 1994 -3228 857 -5125 -4826 1008 5264 -1213 -3630 -2533 -1670 -333 491 Q_ 
#CAR12
_Q 7641 -11134 896 -7454 -5381 8871 -5713 -4670 9456 -7699 5892 5025 8862 -2153 5829 -1880 -755 4210 -9401 -116 -5208 -1249 2241 2855 -7834 -12437 686 -9035 2987 10151 9948 -6151 2770 -281 12777 1561 -3399 -1089 8052 -6188 1400 5023 8654 -1065 -6655 1812 -7009 -7394 10191 5074 -746 1937 3353 -11190 5212 2428 -4905 2031 -82 6403 -9208 9654 -315 3221 -1367 -4929 2345 -1753 5467 5524 -3034 2079 -7325 -4772 -5660 141 2114 -5490 9302 -3767 Q_ 
#CAR13
_Q _P _Q 8424 12827 3033 9608 -7336 Q_ _Q 781 Q_ _Q 1320 Q_ P_ 2649 -350 2466 -1420 -5822 -381 1728 -8069 -7147 -8794 8565 3165 -1188 -4460 2861 -6875 -7387 1626 -8495 -9038 4639 10044 -5209 -4820 1021 -8805 -2207 -9696 668 -2042 2908 -2475 1746 3041 -1509 7591 -367 9610 -10726 -2703 -8292 12605 -7704 1656 -3027 2673 -1165 4262 77 -501 -2755 -6214 -5903 10316 -2358 -8074 8070 -4228 -5024 201 -1208 979 -1075 3358 -12852 1687 7194 4709 -1523 Q_ 
#CAR14
_Q 12316 -9775 2763 -11719 -10557 8489 -2300 6088 -1586 7588 -259 -6483 -9951 -6097 6470 -2775 10150 -6290 -982 -2792 -12636 -224 7425 4474 -7871 -10517 -1953 1748 -1047 7259 -5979 -3913 4722 11868 -8506 5431 5883 -5261 2246 -6313 155 7120 10919 -805 9575 1226 10739 -3926 8011 8702 -322 -4778 3627 8258 -4212 5414 -9433 6696 12556 905 5164 1521 -11313 3508 7356 -1124 1610 -4214 -6880 4602 -2523 Q_ 
#CAR15
_Q 5543 -5705 5702 -11123 3276 -1305 5114 471 -2864 -2783 11105 4707 2071 7429 -3306 11250 5831 1997 -2850 -1518 -6100 -2379 -6189 3837 5004 -6240 7510 -5806 6807 -9818 11075 -4029 -6672 -6914 6030 -1839 -5478 -4112 4365 -3465 -9664 5367 -6624 4507 -12379 -2473 -10567 -502 -9049 -3953 577 -5322 2826 -3004 5643 -632 4837 -9549 -1261 -897 6664 5011 1235 -2003 -3461 5333 4152 -6600 -5358 -2577 Q_ 
#CAR16
_Q 3467 1484 9000 -10435 -1836 -1337 8268 4558 -3617 11196 -1898 -5917 -2888 -6166 -1228 -5001 -9628 5081 -11806 4147 -8576 528 9903 2743 1763 -4611 -7992 -3388 9599 -10536 -1074 -2278 -2456 453 2894 10705 2630 -6684 -5314 5465 10160 -1296 8132 -10660 -1952 2951 5664 1348 -7101 9642 -1928 1988 -1224 2910 -6838 -5869 -5470 -1944 6892 -7085 8225 -7262 -6822 -3901 7936 -8521 -6764 -9100 -1414 -7217 Q_ 
#CAR17
_Q -445 3333 -652 10460 7492 -3438 4811 12488 -1708 2323 -7361 5611 831 -3600 5097 4337 3326 -1260 -5787 -11628 5666 -4821 -7250 -6006 3201 -4631 2762 -1617 2243 10181 5774 507 3839 2023 5460 5102 -9060 -390 360 5760 -6641 7599 -9346 818 -772 10212 -770 -789 -12778 12251 -3514 5518 -3697 1223 6256 1450 3639 2103 -72 -481 -1641 786 -10651 8679 -5692 2448 6743 7254 10019 -4401 Q_ 
#CAR18
_Q 7110 -4266 5853 -815 -1581 2437 5386 -1237 667 -7756 512 1980 5032 -4162 -4653 524 3705 -1105 -849 1979 -4066 -1549 420 1135 -1564 -3904 11446 6330 -8820 -4575 1568 7306 -6434 10028 -3046 11565 1603 -2402 -7265 7230 -1180 870 6052 -8729 -505 255 9402 4192 8446 -5379 -541 519 40 -8646 12992 -3659 -3869 690 10807 -1431 -4674 -277 -1697 3597 9490 1319 5606 -1170 -1847 Q_ 
#CAR19
_Q 8413 4017 -5222 -4590 4599 5856 9221 -2574 -2677 10047 -2395 -5092 -459 -2363 12719 -1394 3522 -1020 -2885 3652 -5628 1016 -5273 138 -8670 -4765 9255 -7650 3572 874 5195 -452 9072 -8944 9148 -4355 11864 -8943 1743 -12067 -1539 8858 -3048 -70 3025 4726 9635 -6583 8593 -4261 -2006 5060 8164 -2952 9318 933 -1635 -4250 5780 8082 -4253 9715 1130 782 Q_ 
#CAR20
_Q 4878 -7149 -4673 -11380 701 -5870 5586 -2451 9840 3450 1900 -8480 158 -5384 443 1597 5601 468 -5589 7122 -223 -2569 3395 -7646 -6904 -3383 -1730 2903 -1076 6382 9366 43 -2570 5481 -4328 -2124 6277 -11103 -5742 1611 -4463 2086 1217 862 -6938 1717 1471 -5610 -7656 642 -4231 1923 5483 -6801 1172 -11485 -2090 3070 -3244 5173 2183 -7586 Q_ 
#CAR21
_Q -7365 6376 -145 4289 9107 -487 -4177 -1604 -732 -2586 9831 -5652 1595 -8492 680 -7965 4176 -4503 727 -8447 -3435 1302 4685 -3596 3039 4428 5515 4863 -6026 -2307 4724 -2416 8780 4273 5418 -1921 3616 -962 2136 -3381 -3924 10208 -9655 -6429 5498 6781 3876 7973 2588 9292 6635 -2618 726 -6708 -6316 3197 3300 -2369 -3821 6460 -167 -10958 Q_ 
#CAR22
_Q -6991 1270 -6152 7056 -3852 -1830 11278 -358 -7318 5538 -4840 5961 915 -2020 11523 1739 -10729 4984 -9268 -3580 2545 -11820 3642 -7257 -4500 2261 -2021 3802 2424 -5646 -23 6341 6213 -5638 -4800 359 -6668 7209 -3983 -7680 1731 4028 -1195 9740 _Q 4594 -6263 Q_ -7659 1999 4628 3159 -1550 -4196 5690 -309 -7331 7810 -1901 10139 8912 -321 -2542 Q_ 
#CAR23
_Q -6497 9218 -5485 3940 3023 -7211 5156 7278 -8008 473 3456 -3393 7276 -7128 7778 967 -1227 -3232 4614 1152 7741 7494 -11609 -5555 -2528 3392 -120 7063 7267 11100 -2341 249 -5927 -2000 -8479 -5017 1167 544 -2171 10506 -10896 2887 -4491 3535 3415 7545 -1682 762 -1511 5201 -1721 -3804 -725 470 -6694 9353 5175 6997 -239 -8107 Q_ 
#CAR24
_Q -3614 4533 9772 4388 10250 -1300 11521 4448 4378 2173 -5563 653 7595 -9410 -1189 -12707 1573 1453 11674 -4225 5553 -3067 6012 11249 -751 3864 -3611 6118 -7333 -4497 -10617 -742 865 -2977 243 -6975 3373 12801 -853 -6148 2960 2105 2993 5099 7006 -3082 -2532 4311 3091 -2716 10977 -326 7030 9046 8921 118 -114 Q_ 
#CAR25
_Q _Q _Q _Q 1555 Q_ _Q 3215 Q_ 1673 -9554 1083 -10076 956 -10973 4955 4899 -3436 1204 1251 Q_ _Q _Q 4133 -4526 10968 -7451 Q_ _Q -356 5443 -3807 Q_ Q_ Q_ 3710 -2991 1872 593 7089 7160 -4400 246 6835 -2134 10379 4767 -582 4506 -2634 1532 -2065 4346 -12706 -7007 4454 619 269 -9313 5417 -11178 -2253 -3584 -2426 7348 -12787 4364 -4501 -9199 -2260 319 Q_ 
#CAR26
_Q -4468 5835 -8320 -7299 5527 1046 -8051 10676 11687 -7986 4752 1434 -4851 482 8371 -9374 -555 7279 543 -10395 5145 -466 -993 565 9329 -4714 -1895 -4163 -12248 1328 -4571 -11654 -12727 9612 -3126 4002 -8523 -6147 11206 -7983 -1444 9969 -7524 3096 -5863 704 -12554 -12905 -1241 1976 -11189 10123 -7213 -8416 -2671 Q_ 
#CAR27
_Q -3138 -7035 7081 -1480 11709 -2257 2097 -1190 7310 -5569 -166 8647 -6732 -1602 -8568 -252 -2340 813 7183 9875 6123 -2914 633 1938 -8842 -5753 2501 5825 -3350 1688 1771 2939 -2785 -790 -970 -1333 -699 11315 -9108 4615 4546 9761 3761 -1967 -1662 1871 -5258 -7566 -1726 1718 -4432 4283 _Q 7979 Q_ Q_ 
#CAR28
_Q -5227 -10942 1153 9020 -7479 -1476 4991 -1259 4171 -5003 -2675 965 -4579 579 5063 -4761 -3789 -4829 2034 -1822 -6716 2443 661 -2449 6025 3433 -4720 1477 9930 10716 -7078 5711 4045 -10251 2073 2689 -3009 687 1769 -2737 11821 -8609 1618 -3014 3752 9618 11761 750 -3396 -929 -8076 6775 -638 Q_ 
#CAR29
_Q _Q -11055 7004 -1287 4092 -4382 -4654 3002 3978 -4514 Q_ -10115 -5335 631 -958 4819 4860 3637 -6300 6 1752 -461 1408 4525 -2754 9598 6239 -5043 -514 -267 -2421 3866 6827 -7295 -693 5326 375 -1362 -9527 -11944 1053 1158 -310 4041 3741 2350 -6218 -8112 2540 -12472 7920 1435 -4683 Q_ 
#CAR30
_Q 6523 -3375 10247 -11748 5133 12011 -4207 7485 574 -2247 -9183 589 -9746 -2541 -7280 4612 -3878 4082 -2568 -5832 3486 -12421 4856 9500 -11375 6095 1001 -12111 495 -1439 -810 -1594 -777 11197 10130 8465 -3922 -621 3795 -4156 -8111 -3691 -8228 11329 -4259 -11765 -8488 6102 -251 Q_ 
#CAR31
_Q -3579 4145 -12258 -4523 -5792 -2666 -266 7115 1950 5296 -8108 1567 572 2470 7461 -9459 3897 7808 940 -1941 -2201 1101 -2285 2014 -4313 7661 -895 7981 -6968 330 -4430 6612 -10128 799 -344 2149 8165 -3527 9336 -2656 10033 -7139 5135 -3557 5723 1458 -6863 Q_ 
#CAR32
_Q 3665 -11347 3842 2088 -9830 6999 -1466 3085 12118 4760 -6014 7697 3104 9567 5298 6362 -7896 5704 -6421 2061 -3045 -1433 5768 -1508 860 -7010 11614 -3938 11662 -5466 10161 -3797 6936 -8105 -4941 6447 -927 -4336 -758 10166 -10165 2289 6993 2279 -4512 Q_ 
#CAR33
_Q 10503 -784 -11150 -682 -1705 3893 -5089 4682 -7856 -5656 1951 -2232 1475 -1242 10858 550 2557 -6719 182 6140 -1948 8645 -7067 10129 207 -2089 -5019 -7341 2884 -7803 -3532 -3620 3052 -8210 521 4097 11834 -3089 3470 -7796 1293 1845 -2604 -1382 -6003 Q_ 
#CAR34
_Q -2480 -11091 -194 -814 -9907 5084 5087 8223 -340 4544 -5359 3548 -1866 2329 1854 187 1390 -610 -3140 2122 6324 -2553 9138 1700 7374 -3132 -306 5559 -4831 -8243 -5057 7816 -1838 492 5708 -1286 7253 5674 -62 952 -5504 -1451 2177 2223 Q_ 
#CAR35
_Q -8969 1614 -2764 1064 11285 -3979 5229 -5775 902 2685 -11044 -7390 10717 -4645 6953 2521 -4694 1254 4572 4997 -312 5665 -6001 3888 7332 -9175 3429 -7968 1622 -1232 1014 2101 3317 926 -5970 -4009 4774 -3356 9119 5724 -1679 1370 6445 12132 Q_ 
#CAR36
_Q 10122 -95 2961 2388 8585 3190 -6926 -6908 -10283 3299 10483 -5609 788 -650 11457 5991 1629 4580 -4858 6078 11867 -389 8485 -1288 3782 -2129 5612 -9350 9970 7501 -1182 8199 -2773 -11110 -229 10505 -8205 1965 8753 -10185 2396 -8104 5993 890 Q_ 
#CAR37
_Q 8903 -1389 -4983 9582 3778 -9014 -1478 2294 3607 -7256 9645 -6653 -604 -9486 9307 -5584 -1690 7603 -240 -923 10027 -2539 -6575 -10562 1353 -716 2682 -1275 -3618 6080 -922 -2840 2110 -8461 -5421 4917 -9394 3987 4770 3318 11058 -2166 12815 673 Q_ 
#CAR38
_Q -301 -4379 2192 -8641 -4556 2309 5887 10084 7483 -5436 2049 1493 -1875 -1908 -234 6661 -2652 9646 -3524 -5146 -8277 5232 -1659 11690 -6929 -3655 1215 -11953 1192 -4089 5345 -1502 -8216 8841 -374 1698 -2058 261 1842 -10107 -10894 -10301 Q_ 
#CAR39
_Q -9670 611 3394 11139 -5557 3258 151 -8983 -245 425 -1724 5608 10469 -9424 3968 -5210 -8080 3180 -6662 -475 -183 -10138 5009 -1640 10702 -2368 -5410 1252 -11482 4563 -7287 119 -286 11903 -10285 8468 -9285 -2113 -5318 10055 -4718 -4877 Q_ 
#CAR40
_Q 824 3994 5010 -5545 4977 -7243 5269 10601 -11547 10523 2410 -296 -1416 -5451 6356 3431 11573 9308 -5075 8895 -1545 1778 9015 -8761 3999 -3667 -6066 11034 11198 -9085 5800 33 -1648 1786 -5366 9631 8055 2578 -9250 -8127 -628 Q_ 
#CAR41
_Q 4381 6047 3379 56 3590 10439 -3702 -3055 1644 -10344 -2680 -3615 -1005 -1961 1043 3625 -6753 -6203 -1230 -9782 227 395 -6369 7507 -28 -2916 4723 -9367 -3398 3758 -1018 11172 -7999 8986 -1401 -3008 4805 1 -928 _Q 1396 Q_ Q_ 
#CAR42
_Q -1314 11951 2731 5080 9121 4218 4581 -7355 -2804 1850 -3818 -405 11981 -1829 7826 954 -2054 10501 -3377 -971 169 -4655 -12572 -7016 -2310 6451 -10877 -10826 531 -5599 6570 -1885 8374 -9881 4331 5729 3990 -9508 1459 Q_ 
#CAR43
_Q 2603 6146 -1596 4298 -5413 -2267 6695 1651 -429 -2146 679 -2868 4246 -4541 3158 6518 -3424 6117 -3933 3212 -2585 7159 7027 6930 -2457 -1290 9300 -4783 6438 -1781 2286 1084 6258 11153 3304 -7346 6802 2138 Q_ 
#CAR44
_Q -11436 3920 -4301 2212 10008 2715 10286 4366 -1161 7964 3762 -3952 10105 10330 -3477 -960 5309 472 -5932 6958 5190 8938 -2028 7887 -10363 _Q 4845 -483 -3449 1878 6031 11876 -4912 3007 -7381 4071 2076 10789 4736 Q_ Q_ 
#CAR45
_Q -6787 -6552 -2611 253 -11303 8828 -3489 8324 2886 -7189 -553 10962 -4696 5401 -10512 -11014 5065 904 -8406 -11422 -3019 -1649 637 198 -7802 2019 -4065 -11826 10117 9611 -3419 2920 10405 2508 -9316 1899 -3329 Q_ 
#CAR46
_Q 3125 5266 -5767 3553 1819 221 -9543 3112 -104 7718 3619 -12099 1805 -3984 4008 2455 4993 10048 11266 4166 -13025 7106 1429 12322 4344 8125 9407 7638 5219 9534 -6520 2238 2012 9157 -921 10913 -320 Q_ 
#CAR47
_Q 4371 -7424 -800 -5687 -1026 2681 -9976 1446 -4144 -820 -3860 -7460 8025 7058 3836 415 8209 -9663 3727 -558 2597 2427 65 9408 9066 -7297 11929 -977 1138 -4576 449 1267 -433 1762 -6527 Q_ 
#CAR48
_Q -2328 9605 7935 822 6576 -5731 203 11683 -5842 3176 -2482 8350 -3708 -3338 6601 -932 -2179 -8172 3365 3195 -616 -4542 -778 -499 7861 -412 6333 1782 6585 5637 -4155 7099 -9953 9332 Q_ 
#CAR49
_Q -3635 6700 -1221 -3526 -80 -1118 -592 -1943 4165 -1512 -6745 973 -2194 -6372 12163 -6000 2178 2988 3914 -4079 11545 2217 10410 8499 -3701 -4693 -8860 8294 7893 -9149 11167 55 5323 6011 Q_ 
#CAR50
_Q 4098 -7180 11812 -11669 4790 5623 73 -8618 2462 -832 -4285 -7587 1834 -5021 4437 8659 -2493 2075 -3186 9564 -12237 8349 -7118 6380 -5150 -6299 4605 9526 2756 -4131 -2202 -7195 1693 Q_ 
#CAR51
_Q 10535 5412 -7774 -9109 6159 -2221 1248 -8150 3257 -1754 8851 -2562 4063 975 -3595 1264 3847 -2637 2141 -4834 1773 -7621 -6591 1091 566 -859 1962 6950 -8924 -2469 11501 9695 Q_ 
#CAR52
_Q 6466 -4179 9632 -11113 -11104 -8741 -3550 9789 -5619 457 8484 -7552 -6293 8864 7841 -1793 10939 -2644 6202 -2695 1483 -2214 2839 2722 -752 7362 6590 8002 -1860 7415 5251 Q_ 
#CAR53
_Q 10753 -7888 -4680 5263 -7955 5429 10359 6235 -3679 917 -847 10120 1723 1631 -6042 7175 2966 948 2009 -2298 1035 -5744 1309 -1837 -5294 4534 1945 1672 -6722 -9323 3800 Q_ 
#CAR54
_Q 8395 -12130 3448 -903 -6874 640 4480 -583 12003 3028 -3754 7363 9466 -2017 4334 -75 3349 -7055 1607 -1312 -1368 -404 -444 575 -5142 -2981 6511 -780 3720 5468 Q_ 
#CAR55
_Q -9236 -222 9595 -79 -8368 323 -5255 -9562 3064 -305 -2828 8383 5372 175 -10495 -7399 -10613 9707 -4444 8981 -7354 -5893 3434 -4198 -2998 6226 -9220 387 4016 Q_ 
#CAR56
_Q 1054 -11314 2266 59 -3287 -2575 6449 -3949 -811 -8614 -8252 1280 -1418 3184 2385 -2641 8241 3095 -2930 -2893 1413 -3385 4517 132 -5954 8639 -8180 1736 Q_ 
#CAR57
_Q -1893 -1818 3479 -11734 991 -6098 8547 10708 -5770 -1665 10416 525 547 -753 -6739 -4748 7438 -3081 10213 -2037 4532 1109 1278 9912 12444 -6850 2494 -7738 Q_ 
#CAR58
_Q -2121 11182 -1884 4404 -9413 1676 -4173 -153 -623 12762 -8453 11902 -195 4237 202 -5967 -149 9265 3187 -2531 2167 6286 12341 4227 -6002 3959 1398 Q_ 
#CAR59
_Q 7716 5790 493 1294 -4766 8097 -11015 -6340 7541 -1442 2290 -2137 12337 -617 -1528 10980 -844 9467 -8720 6199 -887 -3005 9043 -291 -2337 675 -4263 Q_ 
#CAR60
_Q 3357 -8384 7776 -1059 9223 -12889 -11384 8773 1608 -3828 1653 -1985 -5716 10721 -3301 -3944 103 2162 -7143 -5988 -7604 1231 -8635 5809 11744 9579 11620 Q_ 
#CAR61
_Q _Q 439 9967 -2483 -3106 689 10325 -3519 148 3936 -4898 9505 -5714 -3185 -10373 4846 -1186 -3026 9383 -9126 1393 1613 12629 Q_ _Q -1056 1590 -676 -9343 8855 Q_ Q_ 
#CAR62
_Q 83 4913 986 -6992 -817 11041 1128 1062 -10297 10313 7108 6381 2784 1210 -3555 -3275 2044 -7490 5992 -1794 -6053 5978 -193 1600 -8543 -3430 -1720 Q_ 
#CAR63
_Q -8023 7458 7076 -3175 12292 -5371 4279 -12521 -258 13 4372 -12066 -1454 6542 -2907 -12409 7892 -7529 9944 5941 -11759 238 11286 5206 -329 5330 Q_ 
#CAR64
_Q 3253 10253 2866 8684 -7523 -5974 -6170 -10537 1707 -8452 -10813 4130 3493 -3144 1125 6821 -2670 -10382 931 -10861 1034 6075 6082 -1436 10375 -5678 Q_ 
#CAR65
_Q 7959 -8722 2074 7615 -2728 -8991 8990 -573 -2537 163 -7515 -2841 9235 901 -4020 -1879 5945 6886 11689 -2526 -12313 -5971 -5700 2211 9290 Q_ 
#CAR66
_Q 3958 -4446 -3284 -3948 2390 2549 -26 1157 -2085 -8251 3290 -2858 9744 -3707 3892 9404 -12596 -8200 5658 -8682 8846 -743 7544 -9576 4193 Q_ 
#CAR67
_Q -1968 7598 -6911 5291 -1415 10421 -9574 1841 1932 -5828 12343 -9520 6370 -1571 -11804 -1533 -8785 3376 -3605 -2409 8337 -561 -6119 3715 -8818 Q_ 
#CAR68
_Q -1338 8201 -9477 2033 -6769 5351 -1211 9692 -3516 4964 -2004 6446 -4876 1403 2555 -2306 5259 10893 -9621 -984 10581 7441 -7225 -2573 Q_ 
#CAR69
_Q 6505 8145 -2297 -1155 -413 -5489 10058 7321 -8067 2081 1758 -7880 -8290 8627 10387 3881 -4804 1359 -4792 2831 -953 -142 -6977 3211 Q_ 
#CAR70
_Q 2502 4676 -209 6797 7477 2918 -3500 2282 3447 6736 -11487 3969 3359 -5445 -4108 1151 -6816 1256 -3087 1704 7402 1820 Q_ 
#CAR71
_Q -7897 2408 -9084 1783 6114 3001 1060 -654 -1160 2018 12467 -3977 5356 -11346 1496 -6526 -7794 4387 -10334 -1145 3166 -1675 Q_ 
#CAR72
_Q -3601 5327 -3790 -122 335 -3499 -10219 -6642 2041 9464 -10482 4335 -12450 -5916 -9586 -9627 -10056 7488 7104 -11176 -4830 Q_ 
#CAR73
_Q -875 11681 -3454 9091 -2529 -3092 1409 -1150 -1582 -4445 _Q -4982 11808 2777 -84 989 8456 -5182 -494 -8095 -4848 Q_ Q_ 
#CAR74
_Q 671 115 -3352 -6139 4220 -247 760 793 150 -4621 3010 3390 -1815 2464 5228 6621 -11331 5502 -5761 -3515 Q_ 
#CAR75
_Q 2078 8178 11269 -9842 -685 3343 -3742 -4657 -968 -9938 4604 1998 4646 -8326 12215 -128 4139 -5344 4588 4050 Q_ 
#CAR76
_Q -6457 9073 -1030 -10322 2989 3459 7837 1402 -48 -11590 8048 2889 -3974 8685 -12235 -827 -1777 10673 3646 724 Q_ 
#CAR77
_Q -7090 1194 2982 10156 1575 -5048 -1196 2333 -5442 3267 8898 -516 2818 5769 11862 -9911 3410 4136 2601 -532 Q_ 
#CAR78
_Q 2646 -5779 -159 3386 4216 189 173 -2203 8141 8675 -8185 -6032 6531 11664 -1816 -4802 6730 -6558 2150 Q_ 
#CAR79
_Q 3872 9826 -8212 -3203 2924 -7883 -1733 -4540 -88 719 2229 11431 1322 -5763 -924 6040 1301 2906 2067 Q_ 
#CAR80
_Q -2817 -9378 5235 4665 -1244 -11263 12799 -4049 3551 3250 5194 -5037 12327 1159 7953 -4132 906 -2375 5864 Q_ 
#CAR81
_Q 2254 -872 -162 8250 8624 -4477 4048 -5462 2165 -31 -2133 2030 -5791 -4236 10378 -2458 6566 -10994 -1316 Q_ 
#CAR82
_Q 11335 5585 -3528 5177 -3032 1425 -851 9206 -3161 -1709 -588 1714 -12951 -7868 -2471 3882 -2169 Q_ 
#CAR83
_Q 517 12010 190 9242 -9359 7926 -6337 -1507 -5530 -6310 -12498 3391 -3634 6279 6954 -3638 Q_ 
#CAR84
_Q 10249 -9623 -5062 -7082 6623 1218 4880 9914 -11470 -1052 -12212 -7452 11377 -3815 1440 -353 Q_ 
#CAR85
_Q -1345 -4013 1455 4416 5394 3988 2380 655 -4691 5287 -5088 1544 3609 -5591 -1406 Q_ 
#CAR86
_Q -2567 -1200 -1116 3147 -10182 -4187 5242 -6512 -2639 6920 -7674 2931 -4000 6896 -2730 Q_ 
#CAR87
_Q -8980 -5757 -1383 3576 7146 -765 5420 -4077 11801 3578 -177 417 283 -1438 Q_ 
#CAR88
_Q -2371 -7754 4123 -1940 -3540 -6391 2158 11260 -5688 -1624 11257 -6602 9607 9240 Q_ 
#CAR89
_Q _Q 10798 -6326 Q_ 6074 11956 -759 -226 -2511 737 6697 -8759 9841 -867 4690 -147 Q_ 
#CAR90
_Q 10792 3030 -3806 5238 -2793 13121 -879 -1864 -840 -3403 5278 -8802 9028 -2507 Q_ 
#CAR91
_Q _Q _Q -7519 -549 11612 -6952 -7670 Q_ _Q 10625 -5240 8092 Q_ Q_ -513 10207 2010 -3861 -6016 515 Q_ 
#CAR92
_Q 7232 4595 2093 -8469 3337 -8666 -1449 8897 -12466 -825 1960 -2733 -4809 Q_ 
#CAR93
_Q 6666 -9032 -6149 2944 12263 4085 9381 3743 -3115 3788 -6301 645 12408 Q_ 
#CAR94
_Q 6345 -12051 241 -5955 4058 -1386 8700 4455 1887 5180 -7882 Q_ 
#CAR95
_Q _Q _Q 6673 8638 -7526 Q_ _Q -1177 3038 -708 Q_ Q_ _Q 4316 -1040 -11989 -7436 5865 Q_ Q_ 
#CAR96
_Q -10262 3269 -7044 -2609 2663 -5311 5070 -2956 1821 6985 -2130 Q_ 
#CAR97
_Q 11339 9363 9604 877 -4859 7113 3570 -1891 10209 -4897 1437 Q_ 
#CAR98
_Q 508 6941 -11372 -8498 9054 1569 2478 3510 4096 -8007 Q_ 
#CAR99
_Q 2415 -2182 11642 -848 11195 -1240 -11540 -2833 9027 -2284 Q_ 
#CAR100
_Q 6155 -2659 966 4341 -4091 9810 -2492 6410 -3122 Q_ 
#CAR101
_Q -2148 152 -3102 -86 3810 5184 -731 -2377 -779 Q_ 
#CAR102
_Q 2349 4567 1419 2942 6812 -9217 7855 6004 9436 Q_ 
#CAR103
_Q 2465 -5900 10935 -4651 -8302 -12290 11557 -6320 6292 Q_ 
#CAR104
_Q _Q 2252 Q_ _Q 6795 Q_ -100 627 -578 -10724 -6705 -6742 2196 Q_ 
#CAR105
_Q -7723 7966 2819 -6409 3463 -2248 2729 _Q 538 Q_ Q_ 
#CAR106
_Q 9672 7590 -5889 1905 8848 -5283 -8188 2896 Q_ 
#CAR107
_Q 2399 -9711 2249 -270 5378 12410 7930 -5624 Q_ 
#CAR108
_Q 6682 -3591 -336 -9491 11942 -2184 -6212 -2334 Q_ 
#CAR109
_Q -5859 -8526 1347 -8918 -1127 11305 -869 3945 Q_ 
#CAR110
_Q _Q _Q -146 -1719 -9577 Q_ _Q 11158 -6471 2679 Q_ Q_ 12857 -3712 Q_ 
#CAR111
_Q 1113 -7616 -11311 1931 123 1572 2742 -11742 Q_ 
#CAR112
_Q 10698 6448 -4039 4521 7383 -4661 3849 -1661 Q_ 
#CAR113
_Q 9590 -3173 -767 -3793 -121 10690 -4965 -11157 Q_ 
#CAR114
_Q -10599 6364 4307 -798 7635 -5505 -3559 2222 Q_ 
#CAR115
_Q 10478 4451 -6893 -1785 7664 -3018 3827 -6144 Q_ 
#CAR116
_Q 2026 377 -10096 6257 2842 -3763 8423 3113 Q_ 
#CAR117
_Q _Q 930 6983 836 -8421 754 Q_ _Q 4756 Q_ _Q 4384 Q_ Q_ 
#CAR118
_Q 7473 -4424 -792 _Q _Q 3629 6912 -7894 Q_ _Q 6855 Q_ Q_ Q_ 
#CAR119
_Q 9952 -9965 -2495 -451 1716 9778 -3502 Q_ 
#CAR120
_Q 8889 -5038 -4373 981 7421 -12419 4578 Q_ 
#CAR121
_Q -3136 12143 -2220 4996 -2535 -1164 -66 Q_ 
#CAR122
_Q _Q -7066 -8206 Q_ _Q 1097 Q_ 1744 2131 -2262 2968 Q_ 
#CAR123
_Q -1072 -2548 12022 1156 -969 12512 -678 Q_ 
#CAR124
_Q -2867 -5186 -5272 -4418 7411 -294 Q_ 
#CAR125
_Q -317 5923 6627 -2740 2980 -2990 Q_ 
#CAR126
_Q 5918 5020 -5784 2559 9136 -272 Q_ 
#CAR127
_P _Q 2022 985 6906 -2219 Q_ _Q 8136 Q_ _Q 3382 Q_ P_ 
#CAR128
_Q -1685 2047 -3016 -8878 7807 -3703 Q_ 
#CAR129
_Q -1364 -6935 4998 6076 2453 -3066 Q_ 
#CAR130
_Q 9063 -3207 -407 1349 -1912 -8994 Q_ 
#CAR131
_Q -2822 1222 -605 537 -1375 3865 Q_ 
#CAR132
_Q 1975 1373 -2062 -8777 -12206 -7889 Q_ 
#CAR133
_Q 2199 8385 -8707 11746 2875 9202 Q_ 
#CAR134
_Q 1669 -11465 4592 -9620 769 12694 Q_ 
#CAR135
_Q 12085 -2947 -12497 1069 1243 -839 Q_ 
#CAR136
_Q -11582 4151 -10568 -2752 -6210 1869 Q_ 
#CAR137
_Q -12843 -703 2602 9866 -10538 3278 Q_ 
#CAR138
_Q 1379 154 -1580 -10412 -11350 -5670 Q_ 
#CAR139
_Q -763 10321 1660 12730 -4954 11578 Q_ 
#CAR140
_Q 325 -3711 2505 3174 -6413 Q_ 
#CAR141
_Q -1642 5067 5709 -1462 -235 Q_ 
#CAR142
_Q -2039 1387 -1993 -474 5376 Q_ 
#CAR143
_Q 534 8198 1292 7817 5337 Q_ 
#CAR144
_Q 11822 8402 -7945 5732 -2879 Q_ 
#CAR145
_Q 6094 -4393 -357 11383 -2015 Q_ 
#CAR146
_Q 314 11310 -8285 6699 1285 Q_ 
#CAR147
_Q -1095 -8325 -5796 -7728 -5567 Q_ 
#CAR148
_Q 1087 6758 -6183 2143 3957 Q_ 
#CAR149
_Q 6383 -10833 5237 -8770 2808 Q_ 
#CAR150
_Q _Q 720 Q_ -10569 5728 6679 -304 Q_ 
#CAR151
_Q 8674 6387 -7412 10004 101 Q_ 
#CAR152
_Q 6829 -7042 5495 -6628 Q_ 
#CAR153
_Q 383 8768 7753 -4552 Q_ 
#CAR154
_Q 3256 6191 -2838 7957 Q_ 
#CAR155
_P _Q 696 829 Q_ _Q 6462 Q_ _Q 2741 Q_ P_ 
#CAR156
_Q -2400 5810 6589 4799 Q_ 
#CAR157
_Q 885 2346 4471 3726 Q_ 
#CAR158
_Q -164 2256 3265 -7961 Q_ 
#CAR159
_Q -5352 529 1307 -1499 Q_ 
#CAR160
_Q 841 -7284 12087 -6063 Q_ 
#CAR161
_Q -4100 -5928 -11402 618 Q_ 
#CAR162
_Q 500 -6251 -10951 912 Q_ 
#CAR163
_Q 10592 -846 -7086 9098 Q_ 
#CAR164
_Q 9245 -9922 -9767 Q_ 
#CAR165
_Q 4712 6142 871 Q_ 
#CAR166
_Q _Q -4462 4700 Q_ _Q 5845 Q_ Q_ 
#CAR167
_Q 346 4229 -64 Q_ 
#CAR168
_Q -2029 -6777 -8009 Q_ 
#CAR169
_Q -1922 450 -728 Q_ 
#CAR170
_Q 1770 371 -7123 Q_ 
#CAR171
_Q _Q -1686 5286 Q_ _Q 7382 Q_ Q_ 
#CAR172
_Q 1543 -5253 _Q 7787 Q_ Q_ 
#CAR173
_Q -1365 -7269 -5696 Q_ 
#CAR174
_Q 1360 144 -2231 Q_ 
#CAR175
_Q 11782 -3117 -1792 Q_ 
#CAR176
_Q -8232 11342 -6323 Q_ 
#CAR177
_Q 11160 -8034 6861 Q_ 
#CAR178
_Q -10 -3093 -490 Q_ 
#CAR179
_Q _Q _Q 6810 Q_ _Q 10887 Q_ Q_ _Q 1738 Q_ Q_ 
#CAR180
_Q -8373 10758 -2374 Q_ 
#CAR181
_Q 1066 9441 1970 Q_ 
#CAR182
_Q -10591 -410 7034 Q_ 
#CAR183
_Q 6379 -10570 -7553 Q_ 
#CAR184
_Q 7948 -998 Q_ 
#CAR185
_Q _Q 8031 Q_ _Q 5224 Q_ Q_ 
#CAR186
_Q -4601 -697 Q_ 
#CAR187
_Q _Q 6622 Q_ _Q 4241 Q_ Q_ 
#CAR188
_Q 411 -5771 Q_ 
#CAR189
_Q 4114 -8795 Q_ 
#CAR190
_Q 345 9 Q_ 
#CAR191
_Q 2607 -658 Q_ 
#CAR192
_Q 1824 3156 Q_ 
#CAR193
_Q 1598 -7251 Q_ 
#CAR194
_Q 1520 -9093 Q_ 
#CAR195
_Q _Q 3484 Q_ _Q 133 Q_ Q_ 
#CAR196
_Q 129 -7867 Q_ 
#CAR197
_Q -12375 -9105 Q_ 
#CAR198
_Q 12159 -5149 Q_ 
#CAR199
_Q _Q 2710 Q_ _Q 11886 Q_ Q_ 
#CAR200
_Q -1178 -9774 Q_ 
#CAR201
_Q 11754 -9725 Q_ 
#CAR202
_Q -10654 10771 Q_ 
#CAR203
_Q 9739 Q_ 
#CAR204
_Q 96 Q_ 
#CAR205
_Q 9602 Q_ 
#CAR206
_Q 9581 Q_ 
#CAR207
_Q 9480 Q_ 
#CAR208
_Q 935 Q_ 
#CAR209
_Q 9204 Q_ 
#CAR210
_Q 9146 Q_ 
#CAR211
_Q 8723 Q_ 
#CAR212
_Q 691 Q_ 
#CAR213
_Q 6901 Q_ 
#CAR214
_Q 6817 Q_ 
#CAR215
_Q 665 Q_ 
#CAR216
_Q 6270 Q_ 
#CAR217
_Q 6158 Q_ 
#CAR218
_Q 5781 Q_ 
#CAR219
_Q 4885 Q_ 
#CAR220
_Q 4299 Q_ 
#CAR221
_Q 4268 Q_ 
#CAR222
_Q 4182 Q_ 
#CAR223
_Q 4174 Q_ 
#CAR224
_Q 4161 Q_ 
#CAR225
_Q 4115 Q_ 
#CAR226
_Q 3814 Q_ 
#CAR227
_Q 3756 Q_ 
#CAR228
_Q 3673 Q_ 
#CAR229
_Q 3608 Q_ 
#CAR230
_Q 3547 Q_ 
#CAR231
_Q 3407 Q_ 
#CAR232
_Q 3225 Q_ 
#CAR233
_Q 3143 Q_ 
#CAR234
_Q 3012 Q_ 
#CAR235
_Q 2776 Q_ 
#CAR236
_Q 273 Q_ 
#CAR237
_Q 2734 Q_ 
#CAR238
_Q 2259 Q_ 
#CAR239
_Q 2098 Q_ 
#CAR240
_Q 2059 Q_ 
#CAR241
_Q 1982 Q_ 
#CAR242
_Q 1971 Q_ 
#CAR243
_Q 1324 Q_ 
#CAR244
_Q 1308 Q_ 
#CAR245
_Q 1234 Q_ 
#CAR246
_Q 1181 Q_ 
#CAR247
_Q 11747 Q_ 
#CAR248
_Q 1067 Q_ 
#CAR249
_Q 10531 Q_ 
